        1 1 1                   1 1                                                                 
3       1 1 1                   1 1                                                                 
4       1 1 1                   1 1                                                                 
5       1 1 1                   1 1                                                                 
6       1 1 1                   1 1                                                                 
7       1 1 1                   1 1                                                                 
8       1 1 1                   1 1       1 1 1 1 1 1 1 1 1 1 1 1 1 1 1 1 1 1 1 1 1 1 1 1 1 1 1 1 1 
9       1 1 1                   1 1       1 1 1 1 1 1 1 1 1 1 1 1 1 1 1 1 1 1 1 1 1 1 1 1 1 1 1 1 1 
3       1 1 1                   1 1       1 1 1 1 1 1 1 1 1 1 1 1 1 1 1 1 1 1 1 1 1 1 1 1 1 1 1 1 1 
4       1 1 1                   1 1                                       1 1 1                     
5       1 1 1                   1 1                                       1 1 1                     
6       1 1 1                   1 1                                       1 1 1                     
7       1 1 1                   1 1                   7 8 9 3             1 1 1                     
8       1 1 1                   1 1                 6 1 1 1 1 4           1 1 1                     
  9     1 1 1                   1 1               5   1 1 1 1 5           1 1 1                     
    3   1 1 1 1 1 1 1 1 1 1 1 1 1 1             4     1 1 1 1 6           1 1 1                     
      4 1 1 1 1 1 1 1 1 1 1 1 1 1 1           3       1 1 1 1 7           1 1 1                     
        5 6 7 8 9 3 4 5 6 7 8 9 3 4 5 6 7 8 9         1 1 1 1 8           1 1 1                     
                                                      1 1 1 1 9           1 1 1                     
                                                      1 1 1 1 3           1 1 1                     
1 1 1 1 1 1 1 1 1 1 1 1 1 1 1 1 1 1 1 1 1 1 1 1 1 1 1 1 1 1 1 4           1 1 1                     
1 1 1 1 1 1 1 1 1 1 1 1 1 1 1 1 1 1 1 1 1 1 1 1 1 1 1 1 1 1 1 5           1 1 1                     
1 1 1 1 1 1 1 1 1 1 1 1 1 1 1 1 1 1 1 1 1 1 1 1 1 1 1 1 1 1 1 6           1 1 1                     
                      5 4 3 9 8 7 6 5 4 3 9 8 7 6 5 4 3 9 8 7                                       
                    6                                                                               
                  7                                                                                 
                8                                                                                   
              9                                                                                     
            3 1 1 1 1 1 1 1 1 1 1 1 1 1 1 1 1 1 1 1 1 1 1 1 1 1 1 1 1 1 1 1 1 1 1 1 1 1 1 1 1 1 1 1 
            4 1 1 1 1 1 1 1 1 1 1 1 1 1 1 1 1 1 1 1 1 1 1 1 1 1 1 1 1 1 1 1 1 1 1 1 1 1 1 1 1 1 1 1 
            5 1 1 1 1 1 1 1 1 1 1 1 1 1 1 1 1 1 1 1 1 1 1 1 1 1 1 1 1 1 1 1 1 1 1 1 1 1 1 1 1 1 1 1 
              6 7 8 9 3 4 5 6 7                                                                     
                                8                                                                   
                                  9                                                                 
                                    3                                                               
1 1 1 1 1 1 1 1 1 1 1 1 1 1 1 1 1 1 1 4       1 1 1 1 1 1 1 1 1 1 1 1 1 1 1 1 1 1 1 1 1 1           
1 1 1 1 1 1 1 1 1 1 1 1 1 1 1 1 1 1 1 5       1 1 1 1 1 1 1 1 1 1 1 1 1 1 1 1 1 1 1 1 1 1           
1 1 1 1 1 1 1 1 1 1 1 1 1 1 1 1 1 1 1 6       1 1 1 1 1 1 1 1 1 1 1 1 1 1 1 1 1 1 1 1 1 1           
                                1 1 1 7       1 1 1                                                 
                                1 1 1 8       1 1 1                                                 
                                1 1 1 9       1 1 1                                                 
                                1 1 1 3       1 1 1                                                 
                                1 1 1 4       1 1 1                                                 
                                1 1 1 5       1 1 1                                                 
                                1 1 1   6     1 1 1 1 1 1 1 1 1 1 1 1 1 1 1 1 1 1 1 1 1 1 1 1 1 1 1 
1 1 1 1 1 1 1 1 1               1 1 1     7   1 1 1 1 1 1 1 1 1 1 1 1 1 1 1 1 1 1 1 1 1 1 1 1 1 1 1 
1 1 1 1 1 1 1 1 1               1 1 1       8 1 1 1 1 1 1 1 1 1 1 1 1 1 1 1 1 1 1 1 1 1 1 1 1 1 1 1 
1 1 1 1 1 1 1 1 1               1 1 1         9 3 4 5 6 7 8 9 3 4 5 6 7 8 9 3 4 5 6 7               
1 1 1 1 1 1 1 1 1               1 1 1                                                 8             
                                1 1 1                                                   9           
                                1 1 1 1 1 1 1 1 1 1 1 1 1 1 1 1 1 1 1 1 1 1 1 1 1 1 1 1 1 3         
                                1 1 1 1 1 1 1 1 1 1 1 1 1 1 1 1 1 1 1 1 1 1 1 1 1 1 1 1 1 4         
                                1 1 1 1 1 1 1 1 1 1 1 1 1 1 1 1 1 1 1 1 1 1 1 1 1 1 1 1 1 5         
                7 6 5 4 3 9 8 7 6 5 4 3 9 8 7 6 5 4 3 9 8 7 6 5 4 3 9 8 7 6 5 4 3 9 8 7 6           
              8                                                                                     
            9                                                                                       
          3                                                                                         
        4 1 1 1 1 1 1 1 1 1 1 1 1 1 1 1 1 1 1 1 1 1 1 1 1 1 1 1 1 1 1 1 1 1 1 1 1 1 1 1 1 1 1 1 1 1 
        5 1 1 1 1 1 1 1 1 1 1 1 1 1 1 1 1 1 1 1 1 1 1 1 1 1 1 1 1 1 1 1 1 1 1 1 1 1 1 1 1 1 1 1 1 1 
        6 1 1 1 1 1 1 1 1 1 1 1 1 1 1 1 1 1 1 1 1 1 1 1 1 1 1 1 1 1 1 1 1 1 1 1 1 1 1 1 1 1 1 1 1 1 
        7 1 1 1 1 1 1 1 1 1 1 1 1 1 1 1 1 1 1 1 1 1 1 1 1 1 1 1 1 1 1 1 1 1 1 1 1 1 1 1 1 1 1 1 1 1 
        8 1 1 1 1                                                                                   
        9 1 1 1 1                                                                                   
        3 1 1 1 1                                                                                   
        4 1 1 1 1                   7 8 9 3                                                         
        5 1 1 1 1                 6 1 1 1 1 4                                                       
        6 1 1 1 1               5   1 1 1 1   5                                                     
        7 1 1 1 1             4     1 1 1 1     6                                                   
          8 9 3 4 5 6 7 8 9 3       1 1 1 1       7                                                 
                                    1 1 1 1         8                                               
                                    1 1 1 1           9                                             
                                    1 1 1 1             3                                           
                                    1 1 1 1               4                                         
1 1 1 1 1 1 1 1 1 1 1 1 1 1 1 1 1 1 1 1 1 1 1 1 1 1 1 1 1 1 5       1 1 1 1 1 1 1 1 1 1 1 1 1 1 1 1 
1 1 1 1 1 1 1 1 1 1 1 1 1 1 1 1 1 1 1 1 1 1 1 1 1 1 1 1 1 1 6       1 1 1 1 1 1 1 1 1 1 1 1 1 1 1 1 
1 1 1 1 1 1 1 1 1 1 1 1 1 1 1 1 1 1 1 1 1 1 1 1 1 1 1 1 1 1 7       1 1 1 1 1 1 1 1 1 1 1 1 1 1 1 1 
1 1 1 1 1 1 1 1 1 1 1 1 1 1 1 1 1 1 1 1 1 1 1 1 1 1 1 1 1 1 8       1 1 1 1                         
                      6 5 4 3 9 8 7 6 5 4 3 9 8 7 6 5 4 3 9         1 1 1 1                         
                    7                                               1 1 1 1                         
                  8                                                 1 1 1 1                         
                9                                                   1 1 1 1                         
              3                                                     1 1 1 1                         
            4                                                       1 1 1 1                         
          5                                                         1 1 1 1                         
        6 1 1 1 1 1 1 1 1 1 1 1 1 1 1 1 1 1 1 1 1 1 1 1 1 1 1 1 1 1 1 1 1 1                         
        7 1 1 1 1 1 1 1 1 1 1 1 1 1 1 1 1 1 1 1 1 1 1 1 1 1 1 1 1 1 1 1 1 1                         
        8 1 1 1 1 1 1 1 1 1 1 1 1 1 1 1 1 1 1 1 1 1 1 1 1 1 1 1 1 1 1 1 1 1                         
        9 1 1 1 1 1 1 1 1 1 1 1 1 1 1 1 1 1 1 1 1 1 1 1 1 1 1 1 1 1 1 1 1 1                         
        3 1 1 1                                                                                     
        4 1 1 1                                                                                     
        5 1 1 1                                                                                     
        6 1 1 1                                                                                     
        7 1 1 1                         4 5 6 7 8 9 3 4 5 6 7 8 9 3 4 5 6 7 8 9 3 4 5               
        8 1 1 1                       3 1 1 1 1                                       6             
        9 1 1 1                     9   1 1 1 1                                         7           
          3 4 5 6 7 8 9 3 4 5 6 7 8     1 1 1 1                                           8         
                                        1 1 1 1                                             9       
                                        1 1 1 1                                               3     
                                        1 1 1 1                                                 4   
                                        1 1 1 1                                                   5 
